balance_strategy: focal_only
batch_size: 16
classifier_dropout: 0.5841400292163412
classifier_hidden: 64
classifier_layers: 2
cnn_base_channels: 48
cnn_layers: 4
discriminator_hidden: 96
discriminator_layers: 3
domain_loss_weight: 0.33284130402439366
domain_weight_schedule: exponential
focal_gamma: 2.5146791891502334
gamma_grl: 1.1647831701147107
learning_rate: 0.0005682694623461856
lr_scheduler: onecycle
lstm_bidirectional: false
lstm_dropout: 0.4203671336015862
lstm_hidden: 96
lstm_layers: 2
warmup_epochs: 27
weight_decay: 7.808873140230367e-06
