balance_strategy: focal_only
batch_size: 16
classifier_dropout: 0.3346602927320252
classifier_hidden: 96
classifier_layers: 3
cnn_base_channels: 32
cnn_layers: 3
discriminator_hidden: 64
discriminator_layers: 2
domain_loss_weight: 0.1248318643266339
domain_weight_schedule: exponential
focal_gamma: 1.77521957095554
gamma_grl: 2.4609184760275324
learning_rate: 0.0010643031115921578
lr_scheduler: onecycle
lstm_bidirectional: false
lstm_dropout: 0.28711594581042665
lstm_hidden: 96
lstm_layers: 1
warmup_epochs: 32
weight_decay: 1.3450084428394494e-06
