classifier_dropout: 0.49277909247093715
classifier_hidden: 128
classifier_layers: 2
cnn_base_channels: 96
cnn_layers: 1
discriminator_hidden: 64
discriminator_layers: 1
domain_loss_weight: 1.1722577456401435
domain_weight_schedule: exponential
gamma_grl: 17.70949557093859
learning_rate: 0.006851405246920344
lr_scheduler: warmup_cosine
lstm_bidirectional: true
lstm_dropout: 0.22481585807941523
lstm_hidden: 192
lstm_layers: 3
warmup_epochs: 5
weight_decay: 0.0012913118389446601
